I 965172 2468097 29
I 381302 197621 15
D 2261972 843689
I 878737 1119787 90
D 1168019 2035976
I 1042941 803588 25
I 806517 291736 6
D 2129293 834294
D 2395129 2416807
D 1109481 182245
D 1807960 1486032
D 2354549 2260635
D 1682608 1122987
I 2038392 290299 98
D 299484 717808
D 1359610 2049361
I 1102019 2451932 55
D 663362 1903056
I 1926968 2249104 16
D 955875 1213782
D 2467546 2323316
D 1289808 1004336
D 2249346 1881622
I 903092 1411780 14
I 587968 1769500 24
D 1168304 1940403
D 30161 297767
I 268545 1418034 3
D 1423139 458308
I 2354033 833986 92
D 2137109 2069956
I 960698 134639 41
D 1165477 652129
I 405658 1505669 45
I 2315427 1229679 81
D 749321 2129372
I 1518324 919898 18
I 1901741 1530218 21
D 1119146 1426800
D 1924565 599247
I 936214 585265 95
I 1963144 2219267 33
I 2213225 1774770 28
D 641063 671014
D 1566240 1837525
I 81692 469208 47
D 1594365 1165906
D 389005 1593531
D 2447515 1675208
D 227211 412795
I 2093928 1659401 83
I 364648 2476706 55
I 395632 406558 85
D 133307 124979
I 641055 1568309 98
D 429896 2287434
I 924595 1884120 76
D 1039792 942449
I 1307433 1673495 86
I 2170871 1893671 16
I 1132244 2336017 29
D 1707334 798638
I 1776618 1724288 60
I 254228 1688717 94
I 242956 1010289 73
I 1110988 585653 32
D 330332 359257
I 246935 960252 9
I 297198 2156528 31
D 1319855 891821
I 334672 976396 13
D 1587689 330512
I 898575 2261712 17
D 692593 1111729
I 467884 1231029 56
I 277616 884927 73
I 446320 1251769 82
D 1360141 234621
D 1600628 2499338
I 466957 104903 95
I 1770668 266455 50
I 1982526 1019205 61
D 2119614 111300
D 2320398 48155
D 1552652 1490114
D 677586 2262320
I 2224465 2399 77
I 480465 2252217 97
D 1516808 2421591
I 2240346 1026812 21
D 1166817 27258
D 1153557 1027151
D 2234332 527478
D 131756 1385918
I 392987 917035 30
I 669660 1772574 44
I 538513 1993479 71
I 13612 1104734 65
D 2285651 1759594
D 1938860 1591552
